117 13 -38.9 -35.6 -38.9 -34.7
150 10 -48.9 -46.6 -48.8 -44.6
161 14 -54.4 -48.6 -50.3 -48.6
145 13 -37.7 -36.4 -37.7 -35.2
72 11 -24.7 -24.7 -21.2 -24.2
129 14 -35.1 -33.7 -34.7 -32.7
54 10 -12.8 -8.8 -12.8 -9.6
320 15 -86.1 -81.6 -84.9 -81.1
312 11 -113.0 -110.6 -112.7 -111.5
219 15 -71.9 -68.6 -69.5 -62.9
183 11 -66.0 -63.3 -63.3 -64.1
85 15 -28.4 -24.4 -24.7 -23.7
141 14 -29.5 -25.0 -28.8 -23.9
305 14 -130.9 -126.7 -129.5 -127.6
84 14 -5.1 1.7 -4.2 -0.7
115 12 -32.5 -23.2 -29.7 -29.2
116 13 -33.5 -30.7 -29.7 -28.8
363 14 -112.5 -108.97 -110.7 -107.0
451 5 -209.3 -208.6 -209.3 -209.3
152 9 -20.4 -14.5 -19.4 -18.7
108 8 -26.3 -23.4 -26.3 -24.5
344 14 -99.2 -96.2 -99.0 -93.3
297 11 -76.8 -72.1 -76.8 -69.9
66 8 -14.6 -11.3 -14.6 -12.4
110 11 -24.3 -18.8 -24.3 -19.1
337 14 -149.2 -145.5 -145.9 -144.9
30 13 3.2 6.7 3.2 6.8
338 13 -95.4 -91.2 -94.2 -92.6
213 13 -55.0 -54.5 -51.2 -50.6
61 8 -7.2 -4.6 -6.7 -6.7
157 11 -69.6 -68.2 -69.4 -65.6
105 15 -18.0 -13.3 -13.2 -15.4
323 6 -108.7 -108.4 -108.7 -108.4
89 10 -30.9 -30.7 -30.9 -25.5
159 10 -66.4 -60.9 -66.4 -63.4
105 5 -37.8 -37.2 -37.8 -37.8
76 13 -29.8 -23.6 -27.6 -22.5
79 13 -0.3 0.9 -0.3 1.4
115 14 -15.3 -12.8 -15.3 -12.1
112 12 -31.7 -25.1 -28.9 -25.9
64 5 -11.6 -9.7 -11.6 -11.6
103 15 -21.0 -20.6 -18.0 -15.2
45 8 -2.1 -1.3 -0.3 -0.3
43 5 -4.1 -2.3 -4.1 -3.4
62 14 -5.5 6.8 -5.5 3.2
100 12 -25.1 -21.7 -21.7 -18.6
179 9 -79.3 -76.1 -76.5 -75.1
102 13 -25.9 -25.9 -23.0 -24.1
168 7 -37.2 -35.3 -37.2 -37.2
81 9 -9.4 -7.9 -7.9 -8.0
52 14 -5.0 0.0 -2.8 -0.8
114 14 -28.3 -23.8 -26.6 -25.6
91 11 -11.2 -8.8 -11.2 -10.8
482 15 -236.8 -230.7 -235.6 -227.1
71 14 -1.3 9.0 -0.4 5.2
37 12 4.7 8.2 4.7 9.8
86 10 -14.6 -14.4 -14.6 -11.7
129 9 -30.1 -26.9 -30.1 -30.1
93 12 -28.9 -25.1 -27.5 -26.0
54 14 5.25 7.6 5.25 11.23
55 7 0.0 0.5 1.2 1.8
273 13 -72.9 -68.8 -72.1 -70.0
89 6 -26.6 -23.7 -26.6 -26.6
35 9 -5.6 -5.6 -5.6 -4.2
46 13 3.2 5.6 4.3 8.1
104 13 -26.9 -22.3 -26.9 -26.4
110 14 -21.9 -17.6 -21.9 -16.5
44 8 0.7 0.7 2.4 1.5
379 15 -135.1 -132.1 -135.1 -128.1
462 13 -170.2 -162.9 -170.0 -162.9
93 15 -21.0 -14.9 -17.0 -14.8
70 10 -7.2 -0.1 -7.2 -3.8
86 11 -12.0 -10.4 -9.7 -11.1
151 11 -16.7 -12.7 -16.5 -15.2
246 11 -72.2 -66.2 -71.6 -68.6
275 13 -76.8 -72.0 -70.0 -70.0
84 11 -16.8 -14.0 -13.4 -12.4
160 14 -40.5 -38.5 -40.0 -35.9
82 9 -32.8 -28.7 -32.8 -30.1
95 14 -12.4 -4.1 -12.4 -7.1
56 7 -22.1 -17.1 -22.1 -21.4
182 14 -53.4 -44.5 -51.6 -48.5
169 12 -27.0 -23.8 -27.0 -24.1
51 8 -8.9 -6.6 -7.1 -8.3
221 11 -130.2 -128.4 -129.3 -128.1
134 15 -41.6 -38.0 -38.3 -34.4
118 6 -33.9 -33.8 -33.2 -33.2
140 5 -27.8 -24.4 -27.7 -26.2
79 15 -17.7 -15.8 -14.1 -10.2
70 15 -22.4 -20.2 -18.2 -13.5
62 5 -20.7 -19.5 -20.7 -19.7
66 10 -22.1 -14.8 -21.1 -20.1
65 8 -18.7 -13.4 -18.7 -18.5
65 6 -13.4 -8.7 -13.4 -12.6
133 10 -19.1 -13.9 -16.5 -13.3
101 10 -36.4 -36.4 -31.8 -33.8
107 13 -31.7 -31.0 -31.3 -27.0
59 6 -19.4 -17.1 -19.4 -18.6
64 11 -20.7 -15.5 -20.0 -16.0
117 10 -33.1 -32.1 -31.8 -31.2
62 15 -2.7 10.8 -0.6 1.2
41 5 -13.0 -11.4 -13.0 -11.4
90 15 -28.9 -28.0 -27.8 -21.7
168 13 -51.3 -49.4 -49.4 -44.8
102 9 -32.8 -31.6 -31.0 -32.8
158 14 -35.5 -30.3 -35.1 -30.4
23 5 5.9 6.3 5.9 5.9
171 15 -40.0 -38.2 -38.3 -30.6
152 14 -21.4 -18.6 -20.4 -17.7
122 10 -32.6 -26.9 -31.8 -26.9
109 11 -46.2 -42.9 -42.5 -41.9
55 5 -7.3 -3.5 -7.3 -6.1
147 12 -46.8 -40.7 -45.7 -41.8
33 6 -2.4 0.8 -2.0 -1.8
202 8 -47.4 -43.8 -47.4 -45.3
74 14 -9.1 0.2 -8.0 -5.2
309 13 -149.4 -144.9 -148.0 -146.1
53 12 3.0 7.8 4.8 6.0
127 10 -47.2 -41.6 -47.2 -43.8
59 13 -18.7 -15.2 -17.8 -14.0
93 10 -28.6 -25.3 -27.3 -26.9
75 6 -26.8 -25.1 -26.8 -26.8
52 12 -16.9 -16.1 -12.4 -14.4
100 12 -37.0 -34.0 -35.8 -29.7
121 10 -43.8 -40.2 -42.8 -39.6
149 15 -37.8 -36.1 -37.1 -27.6
114 12 -31.9 -28.6 -31.9 -30.3
211 13 -49.6 -46.1 -48.0 -44.9
80 15 -20.0 -16.5 -19.1 -15.0
68 12 -13.5 -11.5 -12.4 -10.1
55 6 2.6 2.9 2.9 3.6
144 12 -55.1 -53.4 -54.1 -48.6
70 12 -6.4 0.1 -5.4 -2.7
80 14 -9.7 -7.2 -8.2 -2.2
42 10 -2.1 4.4 -0.6 -0.5
93 7 -33.2 -31.8 -33.2 -33.1
45 8 -9.4 -5.1 -9.4 -7.3
102 10 -38.3 -32.4 -37.1 -33.7
45 7 -9.4 -8.5 -9.4 -8.7
52 13 -8.2 -3.7 -8.2 1.9
293 14 -53.0 -49.9 -52.1 -47.8
64 11 -2.9 1.2 -1.5 -1.5
144 13 -36.2 -33.7 -36.2 -33.3
79 10 -30.6 -25.0 -30.6 -26.8
