5 0.029564619064331055
5 0.025228023529052734
5 0.03140401840209961
5 0.019946813583374023
5 0.026358604431152344
5 0.03517770767211914
5 0.021396398544311523
5 0.028321266174316406
5 0.04935503005981445
5 0.02127671241760254
5 0.02806711196899414
5 0.03189539909362793
5 0.035619258880615234
5 0.017917156219482422
5 0.02939605712890625
5 0.06248927116394043
5 0.055243730545043945
5 0.06569361686706543
5 0.03161740303039551
5 0.036345481872558594
5 0.024527311325073242
5 0.06985139846801758
5 0.02679157257080078
5 0.0699760913848877
5 0.031519174575805664
5 0.026784420013427734
5 0.03652310371398926
5 0.03875112533569336
5 0.024383068084716797
5 0.026805639266967773
5 0.03868603706359863
5 0.0364227294921875
5 0.03869462013244629
5 0.03881573677062988
5 0.057709455490112305
5 0.06026458740234375
5 0.03889298439025879
5 0.053156137466430664
5 0.0369110107421875
5 0.08826661109924316
5 0.04152965545654297
5 0.030724763870239258
5 0.046727657318115234
5 0.027930021286010742
5 0.030440330505371094
5 0.044098854064941406
5 0.07684612274169922
5 0.07130217552185059
5 0.03305196762084961
5 0.04958844184875488
5 0.04166150093078613
5 0.05513262748718262
5 0.05491471290588379
5 0.07403826713562012
5 0.03321981430053711
5 0.04955649375915527
5 0.03315472602844238
5 0.08499550819396973
5 0.04121732711791992
5 0.0521695613861084
5 0.06586599349975586
5 0.06584024429321289
5 0.03319430351257324
5 0.057547569274902344
5 0.04407811164855957
5 0.03316545486450195
5 0.035186767578125
5 0.08937859535217285
5 0.06405019760131836
5 0.06013059616088867
5 0.06414580345153809
5 0.0446324348449707
5 0.04856538772583008
5 0.05360603332519531
5 0.10302281379699707
5 0.09741687774658203
5 0.05718827247619629
5 0.07201242446899414
5 0.11828446388244629
5 0.08188438415527344
5 0.12316632270812988
5 0.06711173057556152
5 0.07718777656555176
5 0.06749963760375977
5 0.07764101028442383
5 0.08752059936523438
5 0.05202651023864746
5 0.16532492637634277
5 0.08218812942504883
5 0.09268403053283691
5 0.07703566551208496
5 0.1644148826599121
5 0.07247328758239746
5 0.08209753036499023
5 0.06700372695922852
5 0.06189775466918945
5 0.10287904739379883
5 0.10276460647583008
5 0.11848592758178711
5 0.08764505386352539
6 0.1132054328918457
6 0.09815788269042969
6 0.1702120304107666
6 0.1897892951965332
6 0.06751585006713867
6 0.10786843299865723
6 0.2669336795806885
6 0.08784794807434082
6 0.13310599327087402
6 0.2052631378173828
6 0.266399621963501
6 0.12888240814208984
6 0.07779860496520996
6 0.08263182640075684
6 0.10298848152160645
6 0.13898563385009766
6 0.18106436729431152
6 0.20966744422912598
6 0.10862612724304199
6 0.13074994087219238
6 0.22811388969421387
6 0.08354973793029785
6 0.25075268745422363
6 0.07275056838989258
6 0.13574647903442383
6 0.15245342254638672
6 0.16877961158752441
6 0.10419702529907227
6 0.10557317733764648
6 0.08868169784545898
6 0.21860647201538086
6 0.10146927833557129
6 0.10909128189086914
6 0.08502078056335449
6 0.23428940773010254
6 0.061113595962524414
6 0.07700037956237793
6 0.07681035995483398
6 0.11346769332885742
6 0.09700703620910645
6 0.06903195381164551
6 0.08490610122680664
6 0.0885000228881836
6 0.05691170692443848
6 0.1166529655456543
6 0.07765007019042969
6 0.06104564666748047
6 0.1138768196105957
6 0.14129900932312012
6 0.09218645095825195
6 0.09348797798156738
6 0.08307027816772461
6 0.20205998420715332
6 0.23659729957580566
6 0.14492368698120117
6 0.20669293403625488
6 0.24691295623779297
6 0.31571388244628906
6 0.1497204303741455
6 0.1396796703338623
6 0.21072173118591309
6 0.13991022109985352
6 0.19032788276672363
6 0.13951420783996582
6 0.0987694263458252
6 0.08310651779174805
6 0.1296861171722412
6 0.12424969673156738
6 0.14915895462036133
6 0.13481926918029785
6 0.09303522109985352
6 0.19022607803344727
6 0.1340322494506836
6 0.0778207778930664
6 0.13918781280517578
6 0.24836993217468262
6 0.17500805854797363
6 0.2384965419769287
6 0.09930539131164551
6 0.1297152042388916
6 0.21636509895324707
6 0.11351370811462402
6 0.11372756958007812
6 0.10854816436767578
6 0.0831289291381836
6 0.09815621376037598
6 0.17116451263427734
6 0.22610950469970703
6 0.11423754692077637
6 0.09326529502868652
6 0.11343741416931152
6 0.15480995178222656
6 0.19074702262878418
6 0.15431880950927734
6 0.13407182693481445
6 0.272493839263916
6 0.16532349586486816
6 0.13449358940124512
6 0.12911438941955566
6 0.15020155906677246
7 0.20162272453308105
7 0.21196508407592773
7 0.22880101203918457
7 0.11429953575134277
7 0.20708584785461426
7 0.15987563133239746
7 0.14060664176940918
7 0.2633039951324463
7 0.22214603424072266
7 0.2073352336883545
7 0.20702815055847168
7 0.1703338623046875
7 0.4854564666748047
7 0.2014014720916748
7 0.4804816246032715
7 0.26906776428222656
7 0.19108200073242188
7 0.1397554874420166
7 0.17129135131835938
7 0.12007021903991699
7 0.1559460163116455
7 0.11901998519897461
7 0.19181084632873535
7 0.3514225482940674
7 0.12477374076843262
7 0.27760934829711914
7 0.44836902618408203
7 0.29988932609558105
7 0.1143341064453125
7 0.14480996131896973
7 0.1705482006072998
7 0.1814439296722412
7 0.11147379875183105
7 0.26844143867492676
7 0.33291053771972656
7 0.3670032024383545
7 0.41788172721862793
7 0.11927008628845215
7 0.11979365348815918
7 0.1714937686920166
7 0.08362913131713867
7 0.16004490852355957
7 0.12977313995361328
7 0.11906886100769043
7 0.23201751708984375
7 0.12465429306030273
7 0.6578066349029541
7 0.12952303886413574
7 0.2794499397277832
7 0.1189413070678711
7 0.17656612396240234
7 0.15040898323059082
7 0.15572333335876465
7 0.0987699031829834
7 0.13437938690185547
7 0.24297380447387695
7 0.19162273406982422
7 0.17088055610656738
7 0.23315906524658203
7 0.1504359245300293
7 0.14996337890625
7 0.3832838535308838
7 0.2689814567565918
7 0.45697712898254395
7 0.17619967460632324
7 0.10970640182495117
7 0.11951947212219238
7 0.16090083122253418
7 0.1395256519317627
7 0.1351466178894043
7 0.26192641258239746
7 0.42436909675598145
7 0.23192763328552246
7 0.15019631385803223
7 0.150007963180542
7 0.1346282958984375
7 0.16134023666381836
7 0.22174549102783203
7 0.11437702178955078
7 0.1498851776123047
7 0.2015092372894287
7 0.1713695526123047
7 0.1198124885559082
7 0.11976504325866699
7 0.30415964126586914
7 0.5381557941436768
7 0.1094822883605957
7 0.19109392166137695
7 0.19713807106018066
7 0.20121359825134277
7 0.12472152709960938
7 0.14029908180236816
7 0.16111183166503906
7 0.1707148551940918
7 0.1715834140777588
7 0.11940622329711914
7 0.19681715965270996
7 0.14971685409545898
7 0.17655491828918457
7 0.20198798179626465
8 0.39180660247802734
8 0.11492681503295898
8 0.19212603569030762
8 0.43904685974121094
8 0.21700358390808105
8 0.12989592552185059
8 0.27037668228149414
8 0.36753416061401367
8 0.5327820777893066
8 0.42601847648620605
8 0.1820085048675537
8 0.3623800277709961
8 0.3778235912322998
8 0.2684760093688965
8 0.1252760887145996
8 0.22786450386047363
8 0.6626162528991699
8 0.21769165992736816
8 0.2590463161468506
8 0.12002944946289062
8 0.4502420425415039
8 0.4336886405944824
8 0.1913132667541504
8 0.23307585716247559
8 0.1508491039276123
8 0.1455690860748291
8 0.13548731803894043
8 0.30171799659729004
8 0.2809567451477051
8 0.18242764472961426
8 0.38997554779052734
8 0.15090727806091309
8 0.1610250473022461
8 0.3424553871154785
8 0.2967095375061035
8 1.0341298580169678
8 0.33176398277282715
8 0.24979925155639648
8 0.3072974681854248
8 0.9875738620758057
8 0.232011079788208
8 0.21899938583374023
8 0.2759120464324951
8 0.40369153022766113
8 0.6198909282684326
8 0.37848353385925293
8 0.454226016998291
8 0.21257543563842773
8 0.1992814540863037
8 0.23141694068908691
8 0.2573716640472412
8 0.42232179641723633
8 0.20604324340820312
8 0.7781414985656738
8 0.23692750930786133
8 0.23868656158447266
8 0.5036671161651611
8 0.615351676940918
8 0.7667603492736816
8 0.34081149101257324
8 0.41982245445251465
8 0.513024091720581
8 0.27646684646606445
8 0.296353816986084
8 0.319913387298584
8 0.3194911479949951
8 0.24448156356811523
8 0.1933732032775879
8 0.14258503913879395
8 0.48014283180236816
8 0.14219975471496582
8 0.1924729347229004
8 0.47565555572509766
8 0.19977617263793945
8 0.2254641056060791
8 0.27588319778442383
8 0.37773942947387695
8 0.2564573287963867
8 0.22442197799682617
8 0.3018946647644043
8 0.23113703727722168
8 0.23653531074523926
8 0.4050135612487793
8 0.22602438926696777
8 0.5516698360443115
8 0.18108439445495605
8 0.596510648727417
8 0.19913625717163086
8 0.35999608039855957
8 0.7144954204559326
8 0.7907218933105469
8 0.211564302444458
8 0.22433161735534668
8 0.33927154541015625
8 0.556403636932373
8 0.23206162452697754
8 0.8287093639373779
8 0.26974987983703613
8 0.14906644821166992
8 0.13263893127441406
9 0.3243067264556885
9 0.14926934242248535
9 0.15927505493164062
9 0.5083680152893066
9 0.4107081890106201
9 0.31611084938049316
9 0.27071046829223633
9 0.8318791389465332
9 0.3442723751068115
9 0.17718935012817383
9 0.23393869400024414
9 0.3012998104095459
9 0.5503194332122803
9 0.17218255996704102
9 0.19253253936767578
9 0.1831521987915039
9 0.2708859443664551
9 0.3492567539215088
9 0.345761775970459
9 0.38342905044555664
9 1.3808238506317139
9 0.4147183895111084
9 0.3524599075317383
9 0.2861039638519287
9 0.21275901794433594
9 0.5070266723632812
9 0.3837592601776123
9 0.41977715492248535
9 0.4206123352050781
9 0.151505708694458
9 0.8822104930877686
9 0.3293142318725586
9 0.26385998725891113
9 0.6083579063415527
9 0.49665307998657227
9 0.25160980224609375
9 0.5705411434173584
9 0.41496777534484863
9 0.25981688499450684
9 0.31627964973449707
9 0.4492158889770508
9 0.2766299247741699
9 0.19338607788085938
9 0.26433491706848145
9 0.343097448348999
9 0.3235771656036377
9 0.3177220821380615
9 0.20735478401184082
9 1.0528764724731445
9 0.418499231338501
9 0.15656042098999023
9 0.37366223335266113
9 0.9014270305633545
9 1.2419333457946777
9 0.5300693511962891
9 0.5016460418701172
9 0.2194664478302002
9 0.2478649616241455
9 0.733238697052002
9 0.6168034076690674
9 0.5028173923492432
9 0.3914635181427002
9 0.49527621269226074
9 0.9873983860015869
9 0.28856921195983887
9 0.22031807899475098
9 0.7808303833007812
9 0.2832214832305908
9 0.253589391708374
9 0.33421897888183594
9 0.7606570720672607
9 0.1740553379058838
9 0.21373486518859863
9 0.7948594093322754
9 0.42685961723327637
9 0.4428231716156006
9 0.4567744731903076
9 0.2485508918762207
9 0.34996628761291504
9 0.4840395450592041
9 0.19655585289001465
9 0.23729562759399414
9 0.7106802463531494
9 0.17998790740966797
9 0.5058028697967529
9 0.35171008110046387
9 0.4103810787200928
9 0.5013000965118408
9 0.17884206771850586
9 0.4217538833618164
9 0.7985010147094727
9 0.5244624614715576
9 0.2644927501678467
9 0.3161177635192871
9 0.20267844200134277
9 0.20802617073059082
9 0.477689266204834
9 0.7409965991973877
9 0.19643878936767578
9 0.19093084335327148
10 1.357957124710083
10 0.5722513198852539
10 1.6087932586669922
10 0.5423765182495117
10 0.2901420593261719
10 0.2610325813293457
10 0.26619482040405273
10 2.671858549118042
10 0.5583531856536865
10 0.5176131725311279
10 0.2436542510986328
10 0.35750913619995117
10 0.606095552444458
10 0.3885197639465332
10 0.9020328521728516
10 1.469454288482666
10 1.2309811115264893
10 0.432039737701416
10 0.42841219902038574
10 0.3055589199066162
10 0.5423862934112549
10 0.643254280090332
10 0.3587009906768799
10 0.4595625400543213
10 1.5283946990966797
10 0.33007216453552246
10 0.37491536140441895
10 0.44048571586608887
10 0.46428656578063965
10 1.6264424324035645
10 0.6820201873779297
10 0.2091217041015625
10 0.7473764419555664
10 0.47793006896972656
10 0.38155293464660645
10 0.342496395111084
10 0.3022921085357666
10 0.4272794723510742
10 1.579638957977295
10 0.42310452461242676
10 0.9119324684143066
10 0.40374112129211426
10 0.6476414203643799
10 4.383240699768066
10 2.9994254112243652
10 0.7347087860107422
10 0.27330684661865234
10 0.23161911964416504
10 0.6742699146270752
10 0.24405145645141602
10 0.6642568111419678
10 0.33571457862854004
10 0.21489787101745605
10 0.41643786430358887
10 0.27138376235961914
10 0.3698995113372803
10 0.41676974296569824
10 0.2830688953399658
10 0.20960474014282227
10 0.9558112621307373
10 0.4530007839202881
10 0.27710914611816406
10 0.5829904079437256
10 0.7430858612060547
10 0.47494006156921387
10 0.5259275436401367
10 0.7448296546936035
10 1.0891101360321045
10 0.346172571182251
10 0.26616883277893066
10 0.9557607173919678
10 0.23211932182312012
10 0.4285900592803955
10 0.4728736877441406
10 0.410402774810791
10 0.4246222972869873
10 0.3822212219238281
10 0.37154340744018555
10 0.7729337215423584
10 0.47342705726623535
10 0.5191431045532227
10 0.23218560218811035
10 0.294360876083374
10 0.5144779682159424
10 0.6570615768432617
10 0.30613279342651367
10 0.38009214401245117
10 0.4213743209838867
10 0.6854145526885986
10 0.2656593322753906
10 0.4751882553100586
10 0.24283123016357422
10 0.4223318099975586
10 1.3436524868011475
10 0.3345503807067871
10 0.7533223628997803
10 0.3244330883026123
10 0.2655599117279053
10 0.619746208190918
10 0.9335684776306152
11 4.025733470916748
11 1.2421889305114746
11 0.3186330795288086
11 0.4008810520172119
11 0.22187495231628418
11 1.1727471351623535
11 0.8645026683807373
11 0.31345224380493164
11 0.6034293174743652
11 0.9647879600524902
11 0.9630677700042725
11 0.34137439727783203
11 0.33049631118774414
11 0.7850065231323242
11 1.0203394889831543
11 0.5428569316864014
11 0.6079745292663574
11 0.6337604522705078
11 0.690422534942627
11 1.0032494068145752
11 0.6524043083190918
11 0.27852439880371094
11 0.7518854141235352
11 0.999464750289917
11 0.6901979446411133
11 1.4328176975250244
11 0.7372324466705322
11 0.84560227394104
11 0.6253712177276611
11 0.23340702056884766
11 0.39938807487487793
11 1.172330617904663
11 0.8293757438659668
11 0.268038272857666
11 0.6754641532897949
11 0.582221269607544
11 0.724346399307251
11 0.9127116203308105
11 0.8688051700592041
11 1.2579717636108398
11 0.8137223720550537
11 0.6129410266876221
11 1.2802412509918213
11 0.5872225761413574
11 1.0342192649841309
11 0.7723944187164307
11 0.2983834743499756
11 0.9164185523986816
11 0.7514481544494629
11 1.025909423828125
11 1.2247321605682373
11 0.2878708839416504
11 0.5968706607818604
11 0.8513545989990234
11 0.6253595352172852
11 1.1285314559936523
11 0.306307315826416
11 0.42554450035095215
11 0.4036717414855957
11 0.748241662979126
11 0.484161376953125
11 1.5709028244018555
11 0.5349807739257812
11 0.5195860862731934
11 0.7135162353515625
11 0.34300756454467773
11 0.9595026969909668
11 0.6409060955047607
11 0.3052964210510254
11 6.866278171539307
11 1.4865574836730957
11 0.31757140159606934
11 2.647449254989624
11 0.5184612274169922
11 0.6145236492156982
11 0.24804306030273438
11 0.37160277366638184
11 0.40036797523498535
11 0.5390641689300537
11 0.6152205467224121
11 1.184086561203003
11 0.7186005115509033
11 2.6106507778167725
11 0.36971211433410645
11 0.4023892879486084
11 3.0907559394836426
11 1.5220468044281006
11 1.2866861820220947
11 0.5936295986175537
11 0.34592771530151367
11 1.0621590614318848
11 0.7419474124908447
11 3.8156638145446777
11 0.8318240642547607
11 1.1843814849853516
11 1.3527517318725586
11 1.051422119140625
11 1.3813116550445557
11 0.866168737411499
11 0.5248878002166748
12 1.0877511501312256
12 2.6197900772094727
12 3.006415605545044
12 1.0510194301605225
12 1.0899279117584229
12 0.8021111488342285
12 1.102550745010376
12 1.417020320892334
12 0.9595446586608887
12 0.921654224395752
12 2.3447933197021484
12 0.8159260749816895
12 2.338014841079712
12 0.9222922325134277
12 1.0665700435638428
12 1.814136028289795
12 0.4742431640625
12 2.672820806503296
12 1.791337013244629
12 1.498335361480713
12 5.959118604660034
12 0.2809479236602783
12 0.7215940952301025
12 0.44349002838134766
12 0.36432480812072754
12 1.58799409866333
12 0.9015951156616211
12 1.028576135635376
12 0.6088862419128418
12 0.5382332801818848
12 2.580329656600952
12 0.3391430377960205
12 1.5350861549377441
12 0.44023847579956055
12 3.110391139984131
12 2.203953981399536
12 0.9428777694702148
12 1.1769182682037354
12 2.614147424697876
12 1.756934404373169
12 3.02274489402771
12 0.2197577953338623
12 0.4225461483001709
12 0.2609260082244873
12 3.633812427520752
12 0.9406628608703613
12 1.232236623764038
12 1.3628511428833008
12 0.8600316047668457
12 0.5314662456512451
12 1.2472317218780518
12 2.0909693241119385
12 1.3988981246948242
12 0.49268126487731934
12 1.0198249816894531
12 2.6675708293914795
12 0.7554707527160645
12 0.6094417572021484
12 0.9570467472076416
12 8.703023910522461
12 3.1677298545837402
12 2.0928211212158203
12 0.3207740783691406
12 1.4343156814575195
12 1.008683204650879
12 3.651519536972046
12 1.9335191249847412
12 0.45479679107666016
12 7.852315187454224
12 0.903012752532959
12 0.5849454402923584
12 1.075608730316162
12 0.9416275024414062
12 2.789307117462158
12 0.4804086685180664
12 0.7315185070037842
12 0.6372523307800293
12 1.7435460090637207
12 0.9056839942932129
12 0.7213129997253418
12 0.4748234748840332
12 1.1358702182769775
12 0.6181056499481201
12 1.1179156303405762
12 1.455268383026123
12 0.8481266498565674
12 4.171540975570679
12 1.4298419952392578
12 1.3963103294372559
12 0.9082739353179932
12 1.1330509185791016
12 1.133800983428955
12 1.2757062911987305
12 1.7036283016204834
12 0.7473611831665039
12 1.1678073406219482
12 2.144909381866455
12 1.484471321105957
12 1.9310321807861328
12 1.063561201095581
13 0.43829941749572754
13 1.645742416381836
13 11.196190357208252
13 0.715144157409668
13 0.3995962142944336
13 1.2186524868011475
13 2.1543948650360107
13 5.622668981552124
13 1.0475804805755615
13 2.2316842079162598
13 3.3174593448638916
13 2.1195693016052246
13 0.9153187274932861
13 1.8012149333953857
13 0.4513685703277588
13 2.8860812187194824
13 1.0001320838928223
13 0.7154381275177002
13 1.1464836597442627
13 1.8361470699310303
13 1.4323046207427979
13 2.159247398376465
13 0.9006664752960205
13 2.369169235229492
13 2.04845929145813
13 22.23523235321045
13 1.3482880592346191
13 0.9912316799163818
13 0.19135284423828125
13 1.9639315605163574
13 0.4013504981994629
13 0.5952486991882324
13 0.29683971405029297
13 1.8123652935028076
13 1.6002733707427979
13 1.5893535614013672
13 1.2687628269195557
13 2.2183215618133545
13 0.6882522106170654
13 1.3635797500610352
13 0.4059264659881592
13 0.9630370140075684
13 3.0227227210998535
13 2.0907931327819824
13 0.5678048133850098
13 0.6304388046264648
13 4.435632944107056
13 1.2199993133544922
13 0.7858874797821045
13 0.40523314476013184
13 0.9689149856567383
13 1.319129467010498
13 0.4621419906616211
13 1.1568162441253662
13 1.7371916770935059
13 1.09739351272583
13 0.4846067428588867
13 2.0936481952667236
13 1.2794501781463623
13 0.4967069625854492
13 1.129621982574463
13 0.5309150218963623
13 1.420881986618042
13 1.0651819705963135
13 1.1851692199707031
13 2.331190347671509
13 2.663961410522461
13 0.6390316486358643
13 1.4610426425933838
13 3.1064515113830566
13 1.7891385555267334
13 3.282390594482422
13 2.213463544845581
13 1.6067590713500977
13 1.591435432434082
13 1.3928818702697754
13 10.740983486175537
13 1.31418776512146
13 0.5229582786560059
13 1.5008244514465332
13 1.7132556438446045
13 0.6626710891723633
13 2.2430739402770996
13 3.0002083778381348
13 0.5669407844543457
13 0.938502311706543
13 0.6859493255615234
13 1.0839378833770752
13 6.599839925765991
13 2.973886728286743
13 0.9220170974731445
13 0.767204999923706
13 0.8401153087615967
13 6.390117645263672
13 1.5957727432250977
13 1.0637996196746826
13 1.4368715286254883
13 3.1066038608551025
13 1.894972324371338
13 0.6592233180999756
14 2.3757166862487793
14 2.3561012744903564
14 1.147068977355957
14 2.7527198791503906
14 2.2130494117736816
14 0.7488820552825928
14 1.383197546005249
14 1.8633289337158203
14 1.4618933200836182
14 3.0164871215820312
14 3.820953845977783
14 0.42824554443359375
14 5.191571235656738
14 3.59553861618042
14 1.2702126502990723
14 2.0009217262268066
14 4.406603097915649
14 1.9433162212371826
14 2.4171860218048096
14 0.9241068363189697
14 3.5713956356048584
14 1.9314661026000977
14 0.4345238208770752
14 0.9714417457580566
14 1.0581519603729248
14 9.208964824676514
14 0.9135169982910156
14 1.3392877578735352
14 0.9596896171569824
14 4.15344500541687
14 1.731048583984375
14 7.834139823913574
14 3.0193066596984863
14 2.282177686691284
14 2.6745011806488037
14 1.5030674934387207
14 9.594277143478394
14 1.7209758758544922
14 5.742632865905762
14 3.197570562362671
14 2.4898757934570312
14 0.8431711196899414
14 1.1231305599212646
14 0.7170617580413818
14 1.422119379043579
14 4.670144557952881
14 1.0082051753997803
14 3.081718683242798
14 0.4338650703430176
14 1.248424768447876
14 0.5774004459381104
14 3.3301076889038086
14 0.8371353149414062
14 1.2753207683563232
14 4.5478856563568115
14 2.3322243690490723
14 0.9137308597564697
14 0.5114483833312988
14 2.4414405822753906
14 1.9533259868621826
14 4.485929012298584
14 0.4923093318939209
14 1.7375600337982178
14 0.5548720359802246
14 3.7236168384552
14 5.389090538024902
14 2.7209763526916504
14 5.711487054824829
14 1.6627521514892578
14 0.40776991844177246
14 0.6727945804595947
14 1.3916289806365967
14 2.058567523956299
14 4.865041732788086
14 0.7920932769775391
14 1.1641628742218018
14 25.65000295639038
14 3.3868746757507324
14 3.3695297241210938
14 9.462457418441772
14 4.010319471359253
14 1.7387614250183105
14 1.9174306392669678
14 5.7609429359436035
14 4.817661285400391
14 0.48091554641723633
14 0.39695262908935547
14 4.440962314605713
14 0.6974947452545166
14 0.7834358215332031
14 1.1686458587646484
14 2.6834025382995605
14 1.031517744064331
14 8.346528768539429
14 1.0201008319854736
14 1.1818091869354248
14 2.516533613204956
14 2.0816924571990967
14 1.783708095550537
14 0.7886872291564941
15 1.6539368629455566
15 2.1601383686065674
15 1.1857328414916992
15 4.085409641265869
15 4.551530122756958
15 3.7582972049713135
15 5.381915330886841
15 1.391362190246582
15 5.4330949783325195
15 0.8747658729553223
15 0.7243814468383789
15 1.0569610595703125
15 3.8367292881011963
15 3.5047872066497803
15 0.6902806758880615
15 1.6324448585510254
15 0.5141594409942627
15 0.5344858169555664
15 1.4480783939361572
15 2.007061243057251
15 2.2071962356567383
15 2.8754632472991943
15 4.022157430648804
15 2.0029654502868652
15 1.4414350986480713
15 1.351012945175171
15 1.1018521785736084
15 7.922106742858887
15 5.726743221282959
15 23.25606060028076
15 3.1513404846191406
15 2.1422135829925537
15 16.297512531280518
15 3.3959414958953857
15 0.7911760807037354
15 1.595595359802246
15 2.8018031120300293
15 0.7673943042755127
15 6.46931266784668
15 2.224109649658203
15 0.6403048038482666
15 1.3403453826904297
15 0.6331830024719238
15 0.5363826751708984
15 2.52205753326416
15 1.0335843563079834
15 2.0094215869903564
15 2.087352991104126
15 4.872148752212524
15 1.2887036800384521
15 0.934685468673706
15 3.633127450942993
15 7.687193393707275
15 11.093618392944336
15 4.084033250808716
15 2.3299641609191895
15 8.00706171989441
15 2.743617296218872
15 5.14734959602356
15 1.6484205722808838
15 3.050557851791382
15 1.9185504913330078
15 3.2024219036102295
15 1.5740745067596436
15 2.8407480716705322
15 1.9731881618499756
15 1.7140698432922363
15 0.5430378913879395
15 1.056243896484375
15 2.875736713409424
15 4.705495357513428
15 3.7651050090789795
15 1.8112082481384277
15 3.4865400791168213
15 3.0041208267211914
15 2.7742156982421875
15 3.6659374237060547
15 3.527696371078491
15 4.765998125076294
15 3.687722682952881
15 6.814485311508179
15 1.338040828704834
15 4.8104822635650635
15 1.7557969093322754
15 1.655297040939331
15 2.2470457553863525
15 0.43149232864379883
15 3.6183621883392334
15 5.383126735687256
15 0.6683712005615234
15 1.9370391368865967
15 2.044491767883301
15 2.950098991394043
15 1.5749001502990723
15 1.1498064994812012
15 3.1113176345825195
15 10.583473205566406
15 1.554708480834961
15 0.6268517971038818
15 2.414680242538452
16 4.165811777114868
16 2.9598336219787598
16 0.8505032062530518
16 1.6027708053588867
16 13.019047975540161
16 8.94156551361084
16 3.323296546936035
16 14.234107494354248
16 1.030658483505249
16 5.152882814407349
16 6.568657875061035
16 13.378530025482178
16 2.749953269958496
16 1.5078434944152832
16 3.3975143432617188
16 3.5876591205596924
16 11.280931949615479
16 4.915798902511597
16 4.593958616256714
16 5.078761577606201
16 6.16083836555481
16 5.121687650680542
16 2.1599249839782715
16 8.05824089050293
16 3.790433406829834
16 3.949890375137329
16 6.963091135025024
16 5.19346809387207
16 5.932093620300293
16 0.9583005905151367
16 2.2407164573669434
16 2.986208200454712
16 5.311872243881226
16 2.0890586376190186
16 3.0518760681152344
16 10.664632081985474
16 9.632567882537842
16 0.6389420032501221
16 3.8683040142059326
16 4.837122201919556
16 1.8034594058990479
16 1.8955423831939697
16 4.225797414779663
16 1.7008213996887207
16 6.074814319610596
16 3.3352692127227783
16 2.5654687881469727
16 9.804844379425049
16 1.9344840049743652
16 3.880405902862549
16 7.040214538574219
16 1.2954037189483643
16 1.0558855533599854
16 2.5159671306610107
16 6.749505519866943
16 6.774738311767578
16 0.5795512199401855
16 25.61399006843567
16 16.034454584121704
16 2.73246169090271
16 2.77990984916687
16 5.0700554847717285
16 2.6795737743377686
16 0.9950129985809326
16 1.128528118133545
16 0.8181140422821045
16 3.1301376819610596
16 3.3069307804107666
16 3.1830828189849854
16 16.04749822616577
16 1.0018882751464844
16 4.858417510986328
16 2.1987221240997314
16 1.708261489868164
16 0.8781452178955078
16 4.190295457839966
16 0.5552763938903809
16 8.594448328018188
16 1.92203950881958
16 4.842245817184448
16 6.00544810295105
16 1.9486868381500244
16 2.530916929244995
16 1.9988071918487549
16 0.7830722332000732
16 2.721292734146118
16 0.5624856948852539
16 11.345470190048218
16 0.7965052127838135
16 1.379072904586792
16 3.4443681240081787
16 7.6860857009887695
16 1.3919153213500977
16 6.5460028648376465
16 1.3225491046905518
16 7.157357454299927
16 5.525302886962891
16 0.6662769317626953
16 1.3228378295898438
16 1.378108263015747
17 3.610053300857544
17 4.623260259628296
17 2.067700147628784
17 11.2998526096344
17 8.082607507705688
17 6.197735548019409
17 5.395894765853882
17 5.911227226257324
17 11.889532327651978
17 1.175266981124878
17 6.048133611679077
17 6.189049243927002
17 10.618310451507568
17 3.9531850814819336
17 3.390709400177002
17 9.63770341873169
17 3.6844820976257324
17 1.3773658275604248
17 2.363330364227295
17 9.302471160888672
17 8.079184770584106
17 14.691080331802368
17 3.4296374320983887
17 27.669403553009033
17 2.993711471557617
17 1.4202160835266113
17 1.2199969291687012
17 1.313159704208374
17 1.656318187713623
17 2.6169676780700684
17 1.104280710220337
17 0.6919500827789307
17 7.832717418670654
17 1.654085397720337
17 5.450069189071655
17 20.138612031936646
17 1.895524501800537
17 6.193776845932007
17 3.120927572250366
17 3.160078763961792
17 2.915689468383789
17 4.134919166564941
17 0.9471874237060547
17 12.806585788726807
17 1.7189877033233643
17 7.273578643798828
17 1.2171378135681152
17 2.1570794582366943
17 2.836615562438965
17 4.215548276901245
17 1.9077582359313965
17 7.071824312210083
17 4.398297548294067
17 8.908385515213013
17 17.86787486076355
17 2.5335326194763184
17 10.041513204574585
17 3.7594153881073
17 7.88105583190918
17 8.225122690200806
17 3.66530442237854
17 0.9417257308959961
17 1.5424845218658447
17 0.4245929718017578
17 0.37835097312927246
17 11.985697269439697
17 10.211517810821533
17 8.380647897720337
17 1.3249292373657227
17 8.84169888496399
17 8.807860136032104
17 0.6874172687530518
17 18.052997589111328
17 1.6039416790008545
17 7.827191352844238
17 15.221325635910034
17 3.0149106979370117
17 6.495733022689819
17 2.781449317932129
17 2.7780516147613525
17 20.95302176475525
17 2.0767881870269775
17 3.018890619277954
17 6.016346216201782
17 1.7690856456756592
17 3.794212579727173
17 3.493553876876831
17 4.8475565910339355
17 1.3071584701538086
17 3.7106943130493164
17 6.676682949066162
17 1.3380608558654785
17 1.4449810981750488
17 6.638139724731445
17 3.8048157691955566
17 3.5504767894744873
17 0.6772201061248779
17 3.9528369903564453
17 3.3504481315612793
17 0.6821258068084717
18 3.2017645835876465
18 11.556190967559814
18 9.04562759399414
18 13.040631294250488
18 3.392733335494995
18 0.5963170528411865
18 10.639659643173218
18 5.192775249481201
18 8.881929874420166
18 8.671801805496216
18 4.330491065979004
18 2.6226742267608643
18 9.229077339172363
18 19.42439913749695
18 5.757025480270386
18 7.408353328704834
18 3.170841693878174
18 12.136690378189087
18 26.04889988899231
18 15.671838283538818
18 2.709200143814087
18 34.855233669281006
18 7.361132621765137
18 6.242648601531982
18 1.7363309860229492
18 9.697625637054443
18 16.896416187286377
18 2.8908252716064453
18 7.899740695953369
18 10.689115524291992
18 3.4917008876800537
18 1.9641375541687012
18 16.10306143760681
18 1.5137920379638672
18 12.583715677261353
18 2.3844008445739746
18 4.55005955696106
18 47.94868278503418
18 5.179381847381592
18 5.435245990753174
18 14.245536804199219
18 0.4430384635925293
18 3.987790584564209
18 22.255183458328247
18 2.029730796813965
18 2.1461918354034424
18 4.898942470550537
18 4.167402505874634
18 7.370386600494385
18 35.057424545288086
18 9.358858346939087
18 1.0817296504974365
18 9.798495292663574
18 3.526843786239624
18 11.783490419387817
18 0.5416159629821777
18 5.02375340461731
18 20.24690890312195
18 4.955312490463257
18 11.442224979400635
18 22.740169763565063
18 8.788611650466919
18 5.129274606704712
18 48.07267117500305
18 14.158602714538574
18 1.2970943450927734
18 0.8114292621612549
18 8.031322717666626
18 7.826657295227051
18 1.8105518817901611
18 4.401179313659668
18 6.154713153839111
18 4.96085262298584
18 8.15946102142334
18 2.3323636054992676
18 1.3960964679718018
18 1.7017452716827393
18 7.8486974239349365
18 14.262645721435547
18 3.5140950679779053
18 1.7763452529907227
18 7.4706871509552
18 11.367943048477173
18 4.45247745513916
18 5.365645885467529
18 0.7597169876098633
18 1.8546168804168701
18 6.770388841629028
18 8.834746360778809
18 2.4453887939453125
18 2.324418067932129
18 4.668577671051025
18 29.116446018218994
18 10.647456169128418
18 18.243682861328125
18 10.754933834075928
18 5.885030031204224
18 9.022215604782104
18 10.050889492034912
18 1.003300666809082
19 0.5707230567932129
19 10.046542882919312
19 5.679821014404297
19 7.628145456314087
19 16.13001275062561
19 171.64295864105225
19 0.6309146881103516
19 14.400221586227417
19 0.6633701324462891
19 5.101180553436279
19 3.294070243835449
19 230.1906373500824
19 5.417705297470093
19 10.859297275543213
19 1.3622779846191406
19 12.310484886169434
19 0.877129316329956
19 4.044882297515869
19 32.937761306762695
19 18.92851972579956
19 8.261191368103027
19 22.121567726135254
19 6.614556312561035
19 2.8762197494506836
19 6.152850151062012
19 3.9089386463165283
19 74.86399364471436
19 4.441648483276367
19 10.270071268081665
19 8.621951341629028
19 13.644646644592285
19 35.65146517753601
19 10.24807357788086
19 1.1283936500549316
19 3.4313008785247803
19 6.948455810546875
19 16.44410729408264
19 9.809683561325073
19 5.160659074783325
19 6.035573720932007
19 15.585595607757568
19 4.3970324993133545
19 1.2242720127105713
19 10.85964059829712
19 9.020917892456055
19 9.304205179214478
19 28.13549256324768
19 33.59069871902466
19 6.77353835105896
19 11.809335231781006
19 4.1530537605285645
19 4.234408378601074
19 3.3325424194335938
19 1.3117234706878662
19 6.727719306945801
19 3.163540840148926
19 16.01116442680359
19 2.417125940322876
19 3.340898036956787
19 12.384807825088501
19 3.0377607345581055
19 3.8011767864227295
19 1.4560778141021729
19 9.792021989822388
19 18.222217321395874
19 1.433483600616455
19 7.825166702270508
19 10.40700101852417
19 4.313337326049805
19 1.9157707691192627
19 6.961727142333984
19 23.106937646865845
19 5.209150791168213
19 4.2691802978515625
19 12.188034296035767
19 5.607762336730957
19 3.304342269897461
19 18.13669466972351
19 4.6040637493133545
19 5.3205108642578125
19 42.959959506988525
19 3.049105405807495
19 0.4970979690551758
19 14.15860390663147
19 0.8610692024230957
19 15.311034440994263
19 5.869199275970459
19 11.170355558395386
19 1.294600248336792
19 1.8064963817596436
19 22.035497903823853
19 3.9125664234161377
19 7.470893621444702
19 0.9917087554931641
19 9.580805778503418
19 2.835649251937866
19 2.416046619415283
19 8.154470205307007
19 1.441910982131958
19 5.895237445831299
20 0.5474257469177246
20 7.86891770362854
20 2.964198589324951
20 13.837286233901978
20 4.458618879318237
20 3.8455312252044678
20 3.0544559955596924
20 7.307115793228149
20 0.6681234836578369
20 4.7135210037231445
20 12.868359327316284
20 7.089336156845093
20 14.083303451538086
20 20.05784583091736
20 0.4633462429046631
20 4.141174554824829
20 8.653132915496826
20 15.096876859664917
20 386.33260917663574
20 4.2287750244140625
20 49.24497747421265
20 0.4201984405517578
20 2.7455430030822754
20 29.69769310951233
20 6.099231719970703
20 17.28184962272644
20 6.616530418395996
20 26.687842845916748
20 0.6240687370300293
20 18.925222635269165
20 38.16808009147644
20 7.765246629714966
20 17.87948966026306
20 8.927802801132202
20 21.52394700050354
20 0.405350923538208
20 19.33069920539856
20 11.032893657684326
20 2.085401773452759
20 18.72334599494934
20 13.20611310005188
20 1.464155912399292
20 1.8808622360229492
20 7.2231361865997314
20 8.313615083694458
20 0.6199510097503662
20 2.696538209915161
20 2.848936080932617
20 3.62495756149292
20 5.1725780963897705
20 27.03484559059143
20 20.447654008865356
20 5.859102010726929
20 0.9123847484588623
20 33.278260707855225
20 8.317720890045166
20 17.191461086273193
20 2.7416625022888184
20 1.559664011001587
20 9.592954874038696
20 16.81481647491455
20 9.14746880531311
20 3.6283013820648193
20 3.8664562702178955
20 3.3833110332489014
20 21.233775854110718
20 21.805252075195312
20 32.32309436798096
20 10.057331562042236
20 19.381611585617065
20 1.8862931728363037
20 3.148782968521118
20 0.8370614051818848
20 86.19922018051147
20 28.183512210845947
20 9.58519196510315
20 2.7334446907043457
20 16.805108547210693
20 21.890124082565308
20 18.056945085525513
20 1.881648063659668
20 19.099477767944336
20 2.4026527404785156
20 0.7082784175872803
20 42.12406301498413
20 19.12448239326477
20 1.8795413970947266
20 0.6404604911804199
20 13.082513809204102
20 11.0712571144104
20 10.63735818862915
20 25.018314123153687
20 52.3242027759552
20 0.550513505935669
20 16.153247594833374
20 3.682013988494873
20 11.318938970565796
20 7.4276282787323
20 1.9588494300842285
20 12.199669361114502
