50 0.4438474178314209
50 0.6892945766448975
50 1.2643249034881592
50 0.5776338577270508
50 1.3053169250488281
50 0.997807502746582
50 1.2075188159942627
50 0.5552542209625244
50 3.5715439319610596
50 3.3641786575317383
50 1.5663247108459473
50 2.216498851776123
50 4.031327247619629
50 2.0036585330963135
50 1.5768942832946777
50 1.3984746932983398
50 3.5098953247070312
50 1.7242209911346436
50 1.689648151397705
50 1.2381751537322998
50 1.0025842189788818
50 2.6138556003570557
50 1.9723281860351562
50 1.6398296356201172
50 3.4737308025360107
50 2.270808219909668
50 0.7546877861022949
50 0.5925414562225342
50 1.0913841724395752
50 1.1933183670043945
50 0.8311588764190674
50 0.5017530918121338
50 0.9569697380065918
50 1.1985952854156494
50 1.0754706859588623
50 1.55198335647583
50 0.7845914363861084
50 1.4740681648254395
50 1.4975812435150146
50 4.279764175415039
50 2.074951410293579
50 1.4839565753936768
50 1.6887073516845703
50 1.3509469032287598
50 2.492835521697998
50 3.608064651489258
50 3.5265564918518066
50 2.5177083015441895
50 0.9174072742462158
50 1.6774823665618896
50 1.821234941482544
50 0.9077956676483154
50 1.3973722457885742
50 1.1420421600341797
50 1.084348440170288
50 2.37620210647583
50 2.5164127349853516
50 1.2195384502410889
50 5.049768447875977
50 2.0919039249420166
50 4.758629083633423
50 2.8016483783721924
50 3.625338315963745
50 0.9089953899383545
50 1.4875075817108154
50 3.9102792739868164
50 0.7514348030090332
50 1.1491777896881104
50 1.6088180541992188
50 2.3863565921783447
50 1.387331247329712
50 1.7364301681518555
50 2.9903595447540283
50 1.8485777378082275
50 0.7406613826751709
50 1.7769839763641357
50 0.6058778762817383
50 0.6150772571563721
50 1.1806113719940186
50 1.5501294136047363
50 2.278320074081421
50 4.948441982269287
50 0.653386116027832
50 1.586681842803955
50 3.5601954460144043
50 1.2285430431365967
50 3.335134983062744
50 3.688103199005127
50 2.080022096633911
50 1.7296524047851562
50 1.639521837234497
50 0.6439454555511475
50 1.0632083415985107
50 1.8297946453094482
50 1.177910566329956
50 1.700463056564331
50 0.813133955001831
50 0.8449947834014893
50 2.6952757835388184
50 0.5811247825622559
60 0.8039722442626953
60 1.2816972732543945
60 1.9874649047851562
60 2.381068229675293
60 3.5302882194519043
60 2.74155592918396
60 1.190262794494629
60 8.437389373779297
60 1.6667604446411133
60 3.209394693374634
60 0.516812801361084
60 0.7567331790924072
60 0.8194420337677002
60 5.234241008758545
60 2.151609182357788
60 0.7572696208953857
60 5.665064096450806
60 3.828202962875366
60 1.212050437927246
60 0.7499899864196777
60 3.512962579727173
60 1.0967223644256592
60 1.9877231121063232
60 5.444292068481445
60 1.7418522834777832
60 0.8356883525848389
60 1.9828753471374512
60 2.722597599029541
60 2.5563127994537354
60 2.0436244010925293
60 1.2538330554962158
60 2.852052688598633
60 1.2820720672607422
60 1.9397199153900146
60 0.8802850246429443
60 0.6425974369049072
60 2.3531601428985596
60 1.6172778606414795
60 4.475994348526001
60 1.628265142440796
60 1.9514856338500977
60 2.7381699085235596
60 0.6087918281555176
60 2.017061710357666
60 1.915879487991333
60 1.5317902565002441
60 4.815229415893555
60 1.4252848625183105
60 1.05037260055542
60 2.5579042434692383
60 0.5600202083587646
60 1.2650060653686523
60 1.6384038925170898
60 4.260618209838867
60 1.1048524379730225
60 0.8593697547912598
60 1.291304349899292
60 0.5363671779632568
60 1.65555739402771
60 1.1669952869415283
60 0.3951900005340576
60 1.339338779449463
60 5.455127954483032
60 2.0655059814453125
60 2.2191953659057617
60 1.2400741577148438
60 3.2513067722320557
60 2.1877493858337402
60 2.6163620948791504
60 2.4257733821868896
60 4.1126158237457275
60 3.9924678802490234
60 0.933436393737793
60 2.368635892868042
60 2.385525703430176
60 0.7121262550354004
60 1.1590075492858887
60 2.4563052654266357
60 3.8622584342956543
60 3.742248296737671
60 2.5261547565460205
60 0.9455387592315674
60 2.973710775375366
60 1.0315494537353516
60 5.163116693496704
60 2.014559268951416
60 1.886718988418579
60 0.9445610046386719
60 3.4073195457458496
60 1.0188844203948975
60 2.2042901515960693
60 2.835604429244995
60 0.5571458339691162
60 1.827190637588501
60 1.8165228366851807
60 0.575864315032959
60 0.5265648365020752
60 2.5271754264831543
60 0.9212658405303955
60 2.152200698852539
70 3.886641025543213
70 2.6124258041381836
70 0.8314454555511475
70 1.1121702194213867
70 0.4284851551055908
70 0.5835957527160645
70 15.77665114402771
70 2.5500173568725586
70 0.8071677684783936
70 2.193957567214966
70 2.3109629154205322
70 0.6013915538787842
70 4.109245538711548
70 1.2061476707458496
70 3.1310386657714844
70 1.0151126384735107
70 1.6440391540527344
70 1.391010046005249
70 6.032085657119751
70 3.2863106727600098
70 1.5382604598999023
70 0.5898818969726562
70 1.1326758861541748
70 2.3019843101501465
70 1.3112127780914307
70 6.834568500518799
70 2.0284101963043213
70 2.4424827098846436
70 1.0821692943572998
70 2.013824939727783
70 2.4560937881469727
70 3.0438106060028076
70 1.189239501953125
70 5.867072105407715
70 1.386573076248169
70 0.7527318000793457
70 0.669701099395752
70 1.6618056297302246
70 7.211805820465088
70 4.132930755615234
70 1.993788719177246
70 1.3069400787353516
70 1.9805397987365723
70 6.126903295516968
70 1.1896193027496338
70 2.1877059936523438
70 1.5162410736083984
70 1.2983672618865967
70 1.1352744102478027
70 1.4207441806793213
70 0.9312381744384766
70 1.780989170074463
70 7.796915292739868
70 1.5129878520965576
70 1.440168857574463
70 1.4316604137420654
70 4.90067982673645
70 1.2033236026763916
70 0.6717228889465332
70 1.7976572513580322
70 6.226263523101807
70 3.5726003646850586
70 2.1359262466430664
70 2.5385079383850098
70 9.764987707138062
70 10.13261866569519
70 0.6972036361694336
70 2.5086843967437744
70 1.015920639038086
70 4.45367169380188
70 1.7017970085144043
70 1.1818816661834717
70 1.838015079498291
70 1.6476917266845703
70 2.487708330154419
70 1.946103811264038
70 3.735734224319458
70 1.3907701969146729
70 1.847546100616455
70 1.2443199157714844
70 1.3369863033294678
70 0.8616137504577637
70 1.351161003112793
70 1.6480634212493896
70 6.5214715003967285
70 4.627310514450073
70 2.434142827987671
70 0.7410421371459961
70 0.5138962268829346
70 0.6420166492462158
70 1.2121965885162354
70 4.032626628875732
70 0.7256970405578613
70 0.7715909481048584
70 1.3700406551361084
70 2.732592821121216
70 6.122442007064819
70 0.7321860790252686
70 1.1353180408477783
70 0.9455513954162598
80 3.3984217643737793
80 16.01950216293335
80 8.706429243087769
80 6.14951753616333
80 2.4815847873687744
80 1.0923950672149658
80 1.6689410209655762
80 6.460877895355225
80 2.065847635269165
80 0.8646025657653809
80 0.9790427684783936
80 1.9819204807281494
80 1.8006746768951416
80 1.2053258419036865
80 2.7487316131591797
80 0.7885088920593262
80 0.5969960689544678
80 2.2458908557891846
80 2.377903699874878
80 2.658216714859009
80 3.9106314182281494
80 1.992030143737793
80 2.9065091609954834
80 0.5717592239379883
80 9.023545503616333
80 6.1544623374938965
80 2.9806559085845947
80 1.886061668395996
80 0.6456811428070068
80 4.737605094909668
80 4.7917540073394775
80 4.068253040313721
80 4.290212869644165
80 2.776092052459717
80 1.0769124031066895
80 4.440452575683594
80 6.734959363937378
80 10.833114385604858
80 2.023719072341919
80 1.1344473361968994
80 24.443878412246704
80 2.012639045715332
80 1.9314160346984863
80 1.3701727390289307
80 0.6698920726776123
80 1.466324806213379
80 0.8672835826873779
80 1.0955560207366943
80 8.13993501663208
80 4.866016387939453
80 0.5455083847045898
80 0.9310259819030762
80 2.569993019104004
80 5.264841079711914
80 1.3810720443725586
80 3.033128499984741
80 3.4663729667663574
80 1.2064759731292725
80 1.6742408275604248
80 1.2737276554107666
80 2.9590237140655518
80 0.860191822052002
80 0.931096076965332
80 1.256627082824707
80 3.9519097805023193
80 2.458669424057007
80 9.948969602584839
80 3.1769423484802246
80 1.5570082664489746
80 1.225022792816162
80 0.586453914642334
80 2.2076423168182373
80 1.50636887550354
80 9.081271171569824
80 14.373657703399658
80 1.0603044033050537
80 0.6845550537109375
80 4.909855127334595
80 1.368227243423462
80 2.374006986618042
80 1.9715900421142578
80 0.8384251594543457
80 2.8339481353759766
80 2.0359671115875244
80 0.5599460601806641
80 0.7058372497558594
80 1.8693437576293945
80 1.9789297580718994
80 1.8414640426635742
80 2.7581241130828857
80 5.783198595046997
80 2.5611557960510254
80 6.095199108123779
80 0.9049232006072998
80 9.569067239761353
80 5.99491548538208
80 1.4317314624786377
80 1.5882070064544678
80 0.9205048084259033
80 7.316183567047119
90 2.4601261615753174
90 2.5345046520233154
90 2.821847438812256
90 5.027062654495239
90 5.307397365570068
90 0.9816367626190186
90 17.82726550102234
90 6.58859658241272
90 3.39086651802063
90 4.803220272064209
90 2.406994581222534
90 1.1418421268463135
90 3.195437431335449
90 6.985114097595215
90 0.762171745300293
90 1.6658849716186523
90 2.3405539989471436
90 2.095081090927124
90 1.2250356674194336
90 12.898528814315796
90 6.494936943054199
90 1.4229745864868164
90 1.5977394580841064
90 4.270028352737427
90 1.032151460647583
90 1.5555360317230225
90 4.122508525848389
90 1.4769361019134521
90 1.3524518013000488
90 5.453940153121948
90 0.9572370052337646
90 2.432600975036621
90 3.5422582626342773
90 20.060784578323364
90 1.8384356498718262
90 1.9804954528808594
90 0.7301127910614014
90 0.6607058048248291
90 2.574084997177124
90 3.7604305744171143
90 2.9217686653137207
90 2.324866533279419
90 2.1466150283813477
90 1.3348414897918701
90 3.017212390899658
90 2.723268508911133
90 1.9500017166137695
90 1.5255670547485352
90 1.452322244644165
90 0.6708922386169434
90 0.8982479572296143
90 8.274807214736938
90 2.425560712814331
90 1.7661330699920654
90 2.2348246574401855
90 1.8105199337005615
90 6.662431478500366
90 4.023886203765869
90 1.1170904636383057
90 3.0434937477111816
90 1.1508517265319824
90 3.4394474029541016
90 5.036912202835083
90 3.284350633621216
90 3.4654905796051025
90 0.7842977046966553
90 1.4717962741851807
90 2.1886167526245117
90 3.389827013015747
90 1.0777661800384521
90 5.612191677093506
90 10.605728149414062
90 2.106712818145752
90 4.335100173950195
90 7.117815732955933
90 0.9981756210327148
90 0.6041169166564941
90 1.8781890869140625
90 1.1621897220611572
90 0.909125804901123
90 2.224773406982422
90 3.161567211151123
90 0.5936229228973389
90 4.4510180950164795
90 0.9780380725860596
90 7.254369735717773
90 0.49587488174438477
90 3.7376203536987305
90 1.769439935684204
90 1.6884915828704834
90 5.348325490951538
90 4.267805576324463
90 0.9224472045898438
90 8.564032077789307
90 0.7140893936157227
90 0.5212540626525879
90 0.8672385215759277
90 4.61223840713501
90 3.5986359119415283
90 3.307034492492676
100 2.1443300247192383
100 2.7961785793304443
100 5.006875038146973
100 0.7891998291015625
100 0.7302031517028809
100 2.6353533267974854
100 6.333195447921753
100 2.7355501651763916
100 2.0851891040802
100 3.9043028354644775
100 1.4877471923828125
100 2.175873279571533
100 0.5882196426391602
100 1.1149919033050537
100 3.211259603500366
100 0.724484920501709
100 3.843791961669922
100 7.876169681549072
100 0.9943492412567139
100 3.8236331939697266
100 0.5836296081542969
100 33.48886013031006
100 5.041106462478638
100 2.0564651489257812
100 1.9981529712677002
100 1.236786127090454
100 1.0758657455444336
100 4.695935010910034
100 13.246339797973633
100 1.6206119060516357
100 0.6779916286468506
100 1.2221691608428955
100 1.0315322875976562
100 2.1965889930725098
100 4.043022394180298
100 5.256922960281372
100 14.909252166748047
100 1.3178906440734863
100 4.782400608062744
100 1.9081525802612305
100 6.746880769729614
100 3.2686755657196045
100 3.130223274230957
100 0.4337456226348877
100 1.086193561553955
100 2.1618053913116455
100 3.3594515323638916
100 4.203117609024048
100 3.592341423034668
100 1.113368272781372
100 1.793346881866455
100 2.2230873107910156
100 2.4626381397247314
100 2.7914247512817383
100 0.812915563583374
100 1.2914621829986572
100 0.6497344970703125
100 2.7212114334106445
100 2.5139169692993164
100 5.159606218338013
100 1.0829508304595947
100 3.3361611366271973
100 1.5409812927246094
100 0.5702483654022217
100 4.183667421340942
100 1.176574468612671
100 3.296049118041992
100 10.287521839141846
100 0.9746510982513428
100 1.776235580444336
100 3.7067179679870605
100 0.4536933898925781
100 2.2946298122406006
100 1.9093825817108154
100 4.679987668991089
100 1.8447175025939941
100 0.6343221664428711
100 2.3540260791778564
100 3.3052380084991455
100 83.84462785720825
100 2.5424768924713135
100 4.874960899353027
100 2.478041887283325
100 1.961580514907837
100 1.7977726459503174
100 1.7601191997528076
100 3.300497055053711
100 2.8263726234436035
100 4.41081166267395
100 4.747332811355591
100 0.4602057933807373
100 3.4735255241394043
100 3.1762502193450928
100 0.9327905178070068
100 8.956768989562988
100 0.7343649864196777
100 1.382093906402588
100 1.6852219104766846
100 5.071933269500732
100 3.060417413711548
110 2.1961417198181152
110 1.9193687438964844
110 8.282191514968872
110 5.436415433883667
110 1.6878941059112549
110 0.7330195903778076
110 0.7914736270904541
110 4.121593952178955
110 7.674021244049072
110 8.778432130813599
110 2.451568126678467
110 3.8923118114471436
110 3.1600732803344727
110 2.023813009262085
110 2.103839159011841
110 1.2975363731384277
110 0.520620584487915
110 3.6864943504333496
110 0.7879612445831299
110 14.294516801834106
110 1.5057601928710938
110 5.113938093185425
110 2.573652505874634
110 6.731968879699707
110 12.217522382736206
110 5.719453811645508
110 8.057588338851929
110 1.5897510051727295
110 7.469594955444336
110 0.6904563903808594
110 0.9794585704803467
110 3.1066744327545166
110 3.849304676055908
110 0.9089179039001465
110 6.0089685916900635
110 1.3654847145080566
110 4.090216875076294
110 0.7144365310668945
110 2.638944387435913
110 3.5164151191711426
110 0.5368282794952393
110 1.0096397399902344
110 20.411242485046387
110 0.4889700412750244
110 5.050065994262695
110 3.1447668075561523
110 6.011385202407837
110 1.2182896137237549
110 5.218859672546387
110 0.4761466979980469
110 5.281538963317871
110 1.4163460731506348
110 4.215623140335083
110 15.56741714477539
110 8.306838750839233
110 3.5862107276916504
110 2.0023093223571777
110 1.0799987316131592
110 3.779601573944092
110 6.398728847503662
110 3.5505807399749756
110 2.2645692825317383
110 0.8288564682006836
110 0.6236996650695801
110 6.858385324478149
110 3.1161491870880127
110 3.276176929473877
110 0.29115915298461914
110 0.8084335327148438
110 1.37162446975708
110 5.148952007293701
110 4.838170051574707
110 0.33431529998779297
110 37.008800745010376
110 7.681292533874512
110 2.0448482036590576
110 1.609067440032959
110 0.688957929611206
110 2.906052350997925
110 2.9825661182403564
110 5.264943599700928
110 1.027071475982666
110 10.807360649108887
110 9.16192364692688
110 1.9274210929870605
110 0.7814986705780029
110 0.9152579307556152
110 2.124699115753174
110 17.34096360206604
110 10.590932130813599
110 2.1671621799468994
110 15.46911096572876
110 2.247514486312866
110 2.6581079959869385
110 0.6746082305908203
110 5.894698143005371
110 3.0860824584960938
110 3.9609885215759277
110 6.645217657089233
110 0.7003633975982666
120 16.552299976348877
120 0.8151040077209473
120 6.511684894561768
120 3.600748300552368
120 13.148077487945557
120 4.356251955032349
120 2.010594367980957
120 2.651798963546753
120 0.5549106597900391
120 0.9043927192687988
120 2.370370388031006
120 5.416523456573486
120 2.750420093536377
120 0.5082414150238037
120 0.7681536674499512
120 3.7565736770629883
120 3.767963409423828
120 5.286202907562256
120 2.1254234313964844
120 6.368082761764526
120 9.503074645996094
120 0.6786034107208252
120 12.909258127212524
120 4.4786601066589355
120 3.7590084075927734
120 15.720753192901611
120 3.1425886154174805
120 2.825605869293213
120 1.034454345703125
120 0.6178703308105469
120 23.025718450546265
120 7.24004054069519
120 0.727475643157959
120 5.141904830932617
120 1.2854979038238525
120 10.746516466140747
120 1.0416805744171143
120 4.312333106994629
120 17.628870725631714
120 8.383884191513062
120 3.4458096027374268
120 0.7016816139221191
120 0.5871748924255371
120 0.6326124668121338
120 6.550841569900513
120 5.592574119567871
120 7.89080286026001
120 2.0455501079559326
120 11.561704158782959
120 20.524829864501953
120 4.045849084854126
120 1.4920403957366943
120 4.802669525146484
120 0.8433806896209717
120 4.590087175369263
120 1.5772674083709717
120 11.231805562973022
120 5.086250305175781
120 2.409397602081299
120 0.465350866317749
120 1.7118382453918457
120 0.7523694038391113
120 6.056217670440674
120 1.8792834281921387
120 1.247558355331421
120 0.5376648902893066
120 2.4705588817596436
120 1.4072272777557373
120 1.7103712558746338
120 8.640684366226196
120 7.841957092285156
120 1.1315269470214844
120 4.534614562988281
120 1.4865977764129639
120 14.027522563934326
120 0.7006189823150635
120 6.151612997055054
120 2.6498217582702637
120 3.242318630218506
120 22.102545738220215
120 0.6628272533416748
120 3.7783315181732178
120 6.100779294967651
120 1.2544784545898438
120 12.859185218811035
120 0.47210097312927246
120 1.0153546333312988
120 1.5849716663360596
120 0.696112871170044
120 3.7869434356689453
120 1.0972883701324463
120 4.978989601135254
120 4.258514404296875
120 4.698880195617676
120 1.9379994869232178
120 1.4133663177490234
120 1.3721659183502197
120 3.300750732421875
120 2.3634486198425293
120 8.614858627319336
130 2.326658248901367
130 7.2031943798065186
130 4.660944938659668
130 6.1053993701934814
130 2.4211509227752686
130 0.6074073314666748
130 0.41790771484375
130 1.616727352142334
130 8.679695844650269
130 0.6956095695495605
130 1.1014270782470703
130 6.195451736450195
130 0.6154401302337646
130 2.070390224456787
130 4.069933652877808
130 7.133010625839233
130 0.5088791847229004
130 4.794959545135498
130 0.5921406745910645
130 5.76127815246582
130 27.088927268981934
130 0.5546834468841553
130 6.640928506851196
130 6.852701902389526
130 5.864742755889893
130 8.090820789337158
130 4.887845039367676
130 5.060092926025391
130 0.8800675868988037
130 5.267601490020752
130 0.5753514766693115
130 4.317715167999268
130 11.767979383468628
130 1.3623497486114502
130 0.6357059478759766
130 2.5431928634643555
130 4.862153768539429
130 2.9740264415740967
130 1.0945396423339844
130 2.0366928577423096
130 5.2932538986206055
130 32.82086443901062
130 1.138770341873169
130 5.806375026702881
130 1.1572473049163818
130 12.629613399505615
130 1.0114164352416992
130 1.2145545482635498
130 3.813509702682495
130 10.928338289260864
130 0.5824460983276367
130 2.29665207862854
130 4.114349365234375
130 37.86023998260498
130 6.3235485553741455
130 5.061458587646484
130 2.998748302459717
130 4.4307403564453125
130 4.552506685256958
130 2.805152416229248
130 8.537847995758057
130 1.049067497253418
130 1.514836072921753
130 0.4822416305541992
130 1.4773476123809814
130 0.6403229236602783
130 1.5695750713348389
130 5.267917633056641
130 6.047041654586792
130 0.5272784233093262
130 8.495344877243042
130 1.1629953384399414
130 1.206421136856079
130 0.6959784030914307
130 2.157198429107666
130 3.466259479522705
130 1.3963127136230469
130 3.945394992828369
130 0.5097832679748535
130 4.646075010299683
130 0.7836511135101318
130 7.423440217971802
130 1.0338821411132812
130 1.1617698669433594
130 1.1278083324432373
130 2.6793627738952637
130 0.7350273132324219
130 0.5218312740325928
130 0.7286763191223145
130 9.413245677947998
130 0.9394035339355469
130 0.899407148361206
130 6.716678857803345
130 1.4405035972595215
130 4.050278186798096
130 7.405257225036621
130 0.5093779563903809
130 3.299879312515259
130 1.914109468460083
130 0.42679548263549805
140 0.41214752197265625
140 5.323208332061768
140 3.3942041397094727
140 5.984766960144043
140 5.651993274688721
140 1.346289873123169
140 12.959222078323364
140 4.844095945358276
140 5.6850972175598145
140 27.147510528564453
140 1.0971605777740479
140 0.295119047164917
140 1.9866130352020264
140 3.623271942138672
140 2.4742372035980225
140 1.6532015800476074
140 1.0286946296691895
140 2.562445878982544
140 0.48357391357421875
140 9.992319107055664
140 2.624647855758667
140 2.9601612091064453
140 2.9590442180633545
140 1.7159812450408936
140 4.087517023086548
140 2.9002327919006348
140 1.1123771667480469
140 6.112639427185059
140 2.051251173019409
140 8.034425973892212
140 1.506324052810669
140 0.7265157699584961
140 14.045814514160156
140 3.79999041557312
140 1.5050456523895264
140 1.9510889053344727
140 5.0036842823028564
140 12.497241020202637
140 3.363856792449951
140 27.199283838272095
140 1.840714693069458
140 16.69050407409668
140 18.36439824104309
140 13.820822954177856
140 6.325163125991821
140 1.167337417602539
140 3.834608316421509
140 2.1984481811523438
140 3.193458318710327
140 8.208491325378418
140 1.0106873512268066
140 14.754442691802979
140 3.3716185092926025
140 2.5411813259124756
140 8.463963508605957
140 27.57722759246826
140 1.315920114517212
140 0.5834643840789795
140 1.941303014755249
140 1.4969096183776855
140 5.08152174949646
140 5.874090194702148
140 3.2061781883239746
140 1.1738767623901367
140 1.7900481224060059
140 17.83419966697693
140 2.978342294692993
140 0.8007879257202148
140 1.3699145317077637
140 3.5691065788269043
140 2.2688934803009033
140 13.846575736999512
140 1.6516215801239014
140 0.959721565246582
140 3.622391700744629
140 16.21917486190796
140 8.993512630462646
140 10.130292892456055
140 4.876923084259033
140 2.289522171020508
140 4.116449356079102
140 3.3757405281066895
140 2.296847105026245
140 0.3122525215148926
140 6.949193239212036
140 0.8589401245117188
140 0.934319019317627
140 1.4272480010986328
140 5.893918037414551
140 6.227502346038818
140 2.2728774547576904
140 0.7241470813751221
140 1.8687527179718018
140 3.6910312175750732
140 12.939995527267456
140 2.8919994831085205
140 3.818302869796753
140 6.0269482135772705
140 0.7540898323059082
140 3.0366265773773193
150 14.485554933547974
150 2.003464937210083
150 5.577300071716309
150 0.7854397296905518
150 0.6313865184783936
150 11.555158615112305
150 6.968414068222046
150 2.6990041732788086
150 6.322520971298218
150 2.701939821243286
150 2.08585262298584
150 1.7527501583099365
150 0.49667906761169434
150 0.44861292839050293
150 1.1048893928527832
150 4.4845476150512695
150 2.722945213317871
150 1.468367576599121
150 5.971439361572266
150 2.0492918491363525
150 1.825512170791626
150 2.535857915878296
150 0.8257288932800293
150 3.06740403175354
150 3.731193780899048
150 0.8474907875061035
150 7.453359365463257
150 9.960685968399048
150 3.0975515842437744
150 5.9519758224487305
150 2.847554922103882
150 27.464909553527832
150 8.772691249847412
150 0.5497963428497314
150 5.899286270141602
150 41.00575661659241
150 16.842630624771118
150 0.5369858741760254
150 1.2047812938690186
150 8.11943793296814
150 0.7242326736450195
150 77.14007091522217
150 6.360034227371216
150 8.488584995269775
150 2.673124313354492
150 2.8472299575805664
150 0.35437464714050293
150 5.148610830307007
150 0.6269927024841309
150 2.034456253051758
150 0.41896653175354004
150 5.709883451461792
150 2.6530513763427734
150 2.412263870239258
150 0.46095895767211914
150 8.771422624588013
150 0.5397286415100098
150 2.7852320671081543
150 4.693743467330933
150 4.968484878540039
150 1.349459171295166
150 4.22005820274353
150 1.1221470832824707
150 4.723928689956665
150 2.068319320678711
150 1.6817574501037598
150 6.157359838485718
150 0.5200579166412354
150 18.240835189819336
150 0.5937561988830566
150 6.2526535987854
150 0.5760498046875
150 4.099631071090698
150 4.718944549560547
150 2.434314489364624
150 4.885474681854248
150 6.738575458526611
150 0.7424812316894531
150 3.7635531425476074
150 1.475522756576538
150 3.257319211959839
150 2.6863157749176025
150 0.7443571090698242
150 0.6984126567840576
150 10.209363460540771
150 12.372863292694092
150 1.03749680519104
150 1.0225999355316162
150 11.767378330230713
150 7.600714683532715
150 1.6004126071929932
150 0.7989428043365479
150 3.116190195083618
150 9.40620493888855
150 3.502042293548584
150 3.072904348373413
150 0.6429765224456787
150 4.704730749130249
150 4.392814874649048
150 25.786662578582764
